maps/bathymetry/depth 5min 66x78.asc
NCOLS 78 
NROWS 66 
XLLCORNER -87.5 
YLLCORNER 25 
CELLSIZE 0.0833333333333333 
NODATA_value -9999 
[rows 0 to 21 of 66, columns 0 to 48 of 78]
-9999.000000000000000 -9999 -9999 -9999 2.88960790634155 2.91960787773132 -9999 -9999 -9999 -9999 -9999 0.221489489078522 5.43148946762085 5.6514892578125 3.96148943901062 2.79148960113525 -9999 -9999 -9999 -9999 -9999 -9999 -9999 -9999 -9999 -9999 -9999 -9999 -9999 -9999 -9999 -9999 -9999 -9999 -9999 -9999 -9999 -9999 -9999 -9999 -9999 -9999 -9999 -9999 -9999 -9999 -9999 -9999 -9999
-9999 -9999 -9999 6.48949289321899 1.05960786342621 3.01960778236389 7.02960777282715 10.999608039856 15.9796075820923 17.5196075439453 17.7314891815186 14.8514890670776 12.721489906311 10.8514890670776 5.85148954391479 -9999 -9999 -9999 -9999 -9999 -9999 -9999 -9999 -9999 -9999 -9999 -9999 -9999 -9999 -9999 -9999 -9999 -9999 -9999 -9999 -9999 -9999 -9999 -9999 -9999 -9999 -9999 -9999 -9999 -9999 -9999 -9999 -9999 -9999
2.90949273109436 5.71949291229248 7.92949295043945 11.6694927215576 18.7496070861816 20.4796085357666 23.4196071624756 23.8996086120605 23.9496078491211 23.3996086120605 23.931489944458 24.4114894866943 23.8314895629883 24.1614894866943 24.3114891052246 22.4514904022217 6.863205909729 -9999 -9999 -9999 -9999 -9999 -9999 -9999 -9999 -9999 -9999 -9999 -9999 -9999 -9999 -9999 -9999 -9999 -9999 -9999 -9999 -9999 -9999 -9999 -9999 -9999 -9999 -9999 -9999 -9999 -9999 -9999 -9999
13.6375007629395 16.6275005340576 19.1175003051758 21.4475021362305 23.8106880187988 26.9606876373291 26.9106864929199 25.4506874084473 26.6206874847412 25.570686340332 27.1805896759033 26.5205898284912 28.3105888366699 29.8605899810791 30.7505893707275 29.950590133667 24.4100112915039 22.1800117492676 15.030011177063 1.31001126766205 1.15001130104065 1.03001129627228 -9999 -9999 -9999 -9999 -9999 -9999 -9999 -9999 -9999 -9999 -9999 -9999 -9999 -9999 -9999 -9999 -9999 -9999 -9999 -9999 -9999 -9999 -9999 -9999 -9999 -9999 -9999
23.7575016021729 26.9475021362305 28.5875015258789 30.0675010681152 28.880687713623 34.7706871032715 55.4106864929199 79.2506866455078 65.6606903076172 52.3006858825684 47.3105888366699 43.4905891418457 42.6305885314941 39.9205894470215 37.0405883789062 35.0405883789062 31.6800117492676 29.0200119018555 28.7600116729736 26.9500122070312 18.1400108337402 6.77001142501831 0.240011289715767 0.68964034318924 -9999 -9999 -9999 -9999 -9999 -9999 -9999 -9999 -9999 -9999 -9999 -9999 -9999 -9999 -9999 -9999 -9999 0.123121872544289 -9999 -9999 -9999 -9999 -9999 -9999 -9999
27.247501373291 28.7875003814697 30.5175018310547 33.8775024414062 39.630687713623 55.9606857299805 95.1906890869141 116.21068572998 100.96068572998 85.3906860351562 62.1805877685547 52.9405899047852 49.2005882263184 48.2905883789062 42.9305877685547 39.6705894470215 33.1200103759766 30.9200115203857 31.9800109863281 29.4500122070312 22.820011138916 20.7100105285645 14.2200117111206 1.05964040756226 -9999 -9999 -9999 -9999 -9999 -9999 -9999 -9999 -9999 -9999 -9999 -9999 -9999 -9999 2.38312196731567 3.72312188148499 3.43312191963196 3.54312181472778 1.59559428691864 0.0155943296849728 -9999 -9999 -9999 -9999 -9999
33.1875 29.7575016021729 30.5575008392334 35.9775009155273 57.6906890869141 91.9706878662109 138.88069152832 141.260681152344 121.320686340332 111.040687561035 96.2005920410156 82.3205871582031 62.2905883789062 59.4905891418457 54.6605911254883 49.0005912780762 37.3400115966797 33.4400100708008 33.760009765625 32.1900100708008 26.8900108337402 23.6500110626221 22.2200107574463 14.8496398925781 -9999 -9999 -9999 -9999 -9999 -9999 -9999 -9999 -9999 -9999 -9999 -9999 -9999 -9999 3.75312185287476 5.71312189102173 6.99312210083008 4.84312200546265 3.08559441566467 2.54559421539307 0.385594338178635 -9999 -9999 -9999 -9999
32.2574996948242 32.5275001525879 43.4575004577637 62.6175003051758 129.830688476562 164.500686645508 166.150680541992 156.770690917969 135.490692138672 124.330688476562 111.790588378906 93.5405883789062 73.9505920410156 71.5205917358398 65.8705902099609 55.9505882263184 39.4000129699707 38.8400115966797 37.5500106811523 35.8300094604492 30.6000118255615 26.3500118255615 24.5600109100342 21.2796401977539 7.37964057922363 0.929640352725983 -9999 -9999 -9999 -9999 -9999 -9999 -9999 -9999 -9999 -9999 2.26312184333801 0.463121861219406 4.95312166213989 4.90312194824219 8.0631217956543 6.86312198638916 5.65559434890747 4.86559438705444 3.00559425354004 1.61559438705444 -9999 -9999 -9999
47.8274993896484 68.6774978637695 114.17749786377 149.407501220703 223.860687255859 205.680694580078 196.260681152344 185.980682373047 164.610687255859 153.330688476562 141.760589599609 130.560592651367 108.040588378906 96.0105895996094 80.9005889892578 61.4205894470215 45.1600112915039 43.0000114440918 41.3500099182129 38.4400100708008 34.0900115966797 30.1500110626221 27.8500118255615 24.1196403503418 9.6196403503418 6.51964044570923 -9999 -9999 -9999 -9999 -9999 -9999 1.68716478347778 4.48716497421265 6.15716457366943 9.4571647644043 10.7331218719482 12.1931219100952 13.4831218719482 12.2431221008301 11.1131219863892 10.8631219863892 10.925594329834 10.135594367981 7.76559448242188 6.62559413909912 3.00559425354004 -9999 -9999
57.5345458984375 72.3745422363281 145.874542236328 210.854553222656 234.195098876953 226.095092773438 217.765090942383 208.095092773438 184.465087890625 172.54508972168 159.637985229492 148.077987670898 122.547981262207 109.577980041504 87.9779815673828 60.8079795837402 47.3062324523926 44.2062301635742 41.8662300109863 39.8462333679199 32.0962333679199 30.3362312316895 28.3262310028076 25.3413219451904 12.5413217544556 3.36132192611694 0.291322022676468 -9999 -9999 -9999 1.64999997615814 2.25 3.92000007629395 9.36999988555908 12.6099996566772 14.6400003433228 15.3830766677856 17.4930763244629 17.0230770111084 15.9130764007568 13.2630767822266 13.5730762481689 13.8274984359741 13.0774984359741 9.83749866485596 7.82749843597412 5.02749824523926 2.51749849319458 -9999
67.5945434570312 78.0145492553711 168.374542236328 256.784545898438 263.785095214844 259.155090332031 248.055099487305 237.705093383789 212.675094604492 199.235092163086 183.397979736328 169.407974243164 137.247985839844 121.577980041504 98.3779830932617 66.8279800415039 59.3362312316895 45.4662322998047 42.8262329101562 40.1162300109863 30.0362319946289 30.6362323760986 29.7862319946289 26.221321105957 12.7213220596313 7.35132217407227 10.0413217544556 9.56132221221924 1.8013219833374 2.53999996185303 3.1800000667572 5.76999998092651 10.1899995803833 15.1700000762939 16.7099990844727 18.0599994659424 18.8230762481689 19.7930755615234 19.7130756378174 18.8230762481689 16.2430763244629 16.4830760955811 16.1374988555908 15.0174980163574 12.0574989318848 9.7574987411499 8.11749839782715 6.40749835968018 2.3181836605072
76.1545486450195 104.90454864502 243.214538574219 300.304534912109 316.445098876953 314.465087890625 302.715087890625 286.555084228516 253.285095214844 235.065093994141 215.917984008789 197.697982788086 158.337982177734 140.377975463867 124.687980651855 105.847984313965 75.4062347412109 58.3562316894531 43.5662307739258 41.7862319946289 31.5062313079834 31.4262313842773 29.9562320709229 23.7613220214844 12.4413223266602 11.6913223266602 12.3913221359253 11.5113220214844 8.33132171630859 4.94999980926514 8.86999988555908 11.9899997711182 16.7199993133545 18.7299995422363 19.75 21.3500003814697 21.4630756378174 22.0830764770508 21.8630771636963 20.8330764770508 19.1630764007568 19.5430755615234 18.5974979400635 16.627498626709 13.1874980926514 11.0374984741211 9.21749877929688 7.81749868392944 2.29818367958069
302.474548339844 369.584533691406 410.754547119141 450.834533691406 501.045104980469 556.7451171875 619.215087890625 520.415100097656 394.095092773438 349.775085449219 317.617980957031 278.827972412109 222.497985839844 197.867980957031 173.487976074219 147.467987060547 92.3262329101562 74.7162322998047 60.1162300109863 47.9662322998047 38.13623046875 34.4062309265137 27.2662315368652 23.2313213348389 28.0713214874268 28.221321105957 27.3313217163086 25.471321105957 18.701322555542 14.539999961853 17.2299995422363 21.5900001525879 26.4300003051758 27.2000007629395 26.6000003814697 27.2999992370605 24.8230762481689 24.2030754089355 23.0730762481689 22.3730754852295 20.7530765533447 19.4530754089355 18.3974990844727 17.627498626709 14.9774980545044 14.587498664856 13.0174980163574 10.9474983215332 4.11818361282349
444.044555664062 501.584533691406 548.784545898438 568.884521484375 598.615112304688 673.035095214844 673.655090332031 528.885070800781 429.995086669922 396.835083007812 362.087982177734 329.617980957031 265.537994384766 237.967987060547 213.487976074219 188.43798828125 128.946228027344 93.9262313842773 68.5562286376953 59.1062316894531 49.0862312316895 47.7262306213379 44.2162322998047 37.9113235473633 30.7713222503662 29.721321105957 28.8813228607178 27.7613220214844 25.0113220214844 24.6700000762939 25.5499992370605 26.3500003814697 28.2600002288818 30.3899993896484 30.3999996185303 30.6299991607666 26.903076171875 25.5330772399902 24.9130764007568 23.6730766296387 21.2630767822266 20.653076171875 18.8074989318848 18.5474987030029 16.3474979400635 15.5774984359741 14.0074987411499 12.8574981689453 5.98818349838257
752.9345703125 739.844543457031 710.254516601562 684.334533691406 685.575073242188 746.065124511719 727.705078125 554.715087890625 452.565093994141 417.465087890625 385.657989501953 357.427978515625 303.177978515625 275.16796875 249.337982177734 225.357986450195 176.516235351562 147.526229858398 115.696228027344 84.1962280273438 68.2262344360352 60.7962303161621 55.4162330627441 52.2313232421875 41.4313201904297 34.7513236999512 30.5213222503662 29.9913215637207 29.031322479248 28.3500003814697 26.6599998474121 27.3600006103516 30.5799999237061 32.75 32.5200004577637 31.5100002288818 27.8630771636963 26.4230766296387 25.4630756378174 24.3830757141113 22.403076171875 21.1930770874023 19.377498626709 18.4874992370605 17.377498626709 16.7174987792969 15.0574989318848 13.3674983978271 7.90818357467651
1036.28454589844 951.324523925781 861.084533691406 803.574523925781 773.115112304688 819.535095214844 682.465087890625 571.685119628906 468.465087890625 432.805084228516 401.617980957031 376.757995605469 328.087982177734 304.197967529297 278.41796875 254.267974853516 210.606231689453 189.876235961914 167.096237182617 144.746231079102 95.2462310791016 79.9062347412109 72.3962326049805 68.2613220214844 45.221321105957 40.971321105957 34.8313217163086 32.0213203430176 31.5613212585449 30.0300006866455 28.4899997711182 29.2800006866455 32.7099990844727 33.25 32.2299995422363 31.2399997711182 28.6230754852295 27.4930763244629 26.3130760192871 25.2730770111084 23.8130760192871 22.3930759429932 21.7874984741211 20.2774982452393 17.9774990081787 17.3874988555908 14.8174982070923 12.127498626709 9.80818367004395
1420.88537597656 1255.17529296875 1093.72534179688 1010.15533447266 855.95166015625 761.321655273438 662.671630859375 589.761657714844 491.551635742188 454.751617431641 423.870422363281 397.480407714844 352.480407714844 332.840423583984 314.530426025391 295.720397949219 254.530487060547 231.770477294922 211.100479125977 194.550476074219 169.870483398438 149.57048034668 129.480484008789 108.342300415039 53.8822975158691 45.6022987365723 40.0522956848145 37.1822967529297 35.2522964477539 34.7136497497559 34.063648223877 34.9636497497559 35.6836471557617 35.4036483764648 34.7136497497559 32.8836479187012 29.9224987030029 29.3724994659424 27.8024997711182 26.9424991607666 26.5224990844727 25.4224987030029 24.2149982452393 23.0749988555908 19.4449996948242 18.144998550415 15.8949995040894 13.2949991226196 12.3624992370605
1559.01538085938 1358.025390625 1160.68530273438 1048.79541015625 837.711608886719 748.051635742188 659.751647949219 593.671630859375 501.951629638672 465.061645507812 433.720397949219 406.42041015625 361.500396728516 342.290405273438 324.850402832031 307.450408935547 272.50048828125 250.750473022461 228.460479736328 208.600479125977 181.130477905273 167.930480957031 150.040481567383 119.362297058105 58.1522979736328 48.4622955322266 46.5922966003418 45.1922988891602 38.5222969055176 40.0436477661133 40.1036491394043 40.4736480712891 38.0836486816406 37.1036491394043 35.6736488342285 34.2136497497559 30.5224990844727 29.0224990844727 28.4424991607666 28.6724987030029 28.3624992370605 26.5924987792969 25.3449993133545 23.9849987030029 20.894998550415 19.3349990844727 17.9149990081787 15.1149988174438 14.0924987792969
1634.775390625 1367.96533203125 1177.15539550781 1039.90539550781 825.231628417969 738.011657714844 656.331604003906 595.741638183594 508.841644287109 473.011627197266 441.590423583984 412.200408935547 367.900421142578 348.730407714844 331.260406494141 315.440399169922 282.930480957031 264.830474853516 243.720474243164 221.780487060547 187.990478515625 175.920486450195 163.340484619141 145.77229309082 97.2322998046875 75.6122970581055 62.3222961425781 58.8122978210449 50.912296295166 45.6636505126953 41.0236473083496 41.6936492919922 40.2336502075195 38.5036506652832 37.2936477661133 35.3536491394043 32.2324981689453 30.9324989318848 29.9925003051758 29.0224990844727 29.3724994659424 27.7224998474121 25.9549999237061 24.5749988555908 22.5849990844727 21.394998550415 19.4049987792969 17.8849983215332 16.0124988555908
1615.7353515625 1348.07531738281 1158.71533203125 1016.97534179688 817.341613769531 738.691650390625 665.831604003906 607.091613769531 520.341613769531 483.781616210938 451.610412597656 421.950408935547 376.550415039062 356.640411376953 339.490417480469 324.070404052734 292.010467529297 275.910491943359 257.73046875 236.150482177734 197.310485839844 183.840484619141 172.180480957031 158.962295532227 112.372299194336 92.5422973632812 81.0522994995117 72.8122940063477 56.2422981262207 50.7036476135254 45.8936500549316 44.2836494445801 41.7936477661133 40.0236473083496 39.7236480712891 38.5336494445801 34.4624977111816 33.6025009155273 31.5324993133545 30.4825000762939 29.9624996185303 28.6824989318848 27.8049983978271 27.0149993896484 22.6049995422363 21.9149990081787 21.7849998474121 19.3449993133545 18.0424995422363
1435.775390625 1277.1953125 1135.275390625 1011.32537841797 820.16162109375 758.931640625 699.501647949219 647.41162109375 558.631652832031 521.551635742188 487.180419921875 453.940399169922 400.060424804688 377.250396728516 358.000396728516 340.910400390625 311.010467529297 294.110473632812 277.830474853516 259.50048828125 217.790481567383 199.300476074219 186.880477905273 175.132293701172 139.312301635742 117.742294311523 121.022300720215 111.43229675293 83.5822982788086 63.1636505126953 51.8936500549316 49.2136497497559 47.9036483764648 47.0836486816406 44.4536476135254 42.5536499023438 37.8125 35.5524978637695 35.7724990844727 34.8924980163574 31.4324989318848 31.3424987792969 29.625 28.3449993133545 25.0149993896484 23.5549983978271 22.1749992370605 20.9349994659424 19.9924983978271
1434.38537597656 1278.92529296875 1136.63537597656 1018.92535400391 839.741638183594 775.66162109375 722.561645507812 673.761657714844 584.461608886719 545.581604003906 510.640411376953 475.830413818359 417.880401611328 394.340423583984 370.67041015625 352.060424804688 319.210479736328 304.720489501953 288.440490722656 270.460479736328 230.870483398438 212.260482788086 197.32048034668 186.042297363281 166.27229309082 152.882293701172 139.18229675293 126.922294616699 97.7122955322266 75.2636489868164 56.7036476135254 51.2536506652832 51.4036483764648 50.8636474609375 47.7236480712891 44.7436485290527 38.5524978637695 35.7224998474121 35.752498626709 36.2124977111816 34.2625007629395 32.1925010681152 30.2549991607666 29.2849998474121 25.9149990081787 24.6949996948242 23.4449996948242 22.0149993896484 20.9324989318848
