maps/bathymetry/depth 15min 22x26.asc
NCOLS 26 
NROWS 22 
XLLCORNER -87.5 
YLLCORNER 25 
CELLSIZE 0.25 
NODATA_value -9999 
0.186992868781090 9.62148952484131 17.8614883422852 20.2314891815186 16.2914886474609 -9999 -9999 -9999 -9999 -9999 -9999 -9999 -9999 -9999 -9999 -9999 -9999 -9999 -9999 -9999 -9999 -9999 -9999 -9999 4.78175687789917 22.8117561340332
26.6869850158691 32.502628326416 97.7326278686523 51.4826278686523 42.0426254272461 31.181224822998 29.2812252044678 10.4812259674072 -9999 -9999 -9999 -9999 -9999 1.7025021314621 -9999 -9999 -9999 -9999 -9999 -9999 -9999 -9999 -9999 -9999 -9999 18.6785888671875
31.9369850158691 78.8426284790039 144.472625732422 95.9626235961914 62.882625579834 37.2512245178223 34.831226348877 24.1912250518799 0.841225564479828 -9999 -9999 -9999 2.23250222206116 6.69250202178955 4.04249811172485 -9999 -9999 -9999 -9999 -9999 -9999 -9999 -9999 -9999 -9999 18.8285884857178
68.8769836425781 250.142623901367 217.042633056641 165.132629394531 104.382629394531 49.081226348877 41.1612243652344 29.7712249755859 8.99122524261475 1.07122564315796 5.00250196456909 15.5025024414062 18.5025024414062 14.8925018310547 14.5124979019165 7.68249797821045 -9999 -9999 -9999 -9999 -9999 -9999 -9999 -9999 -9999 18.6685886383057
404.426971435547 539.112609863281 492.542633056641 322.042633056641 205.702621459961 97.4812240600586 58.9412269592285 38.4012260437012 29.2012252807617 23.0912246704102 25.182502746582 28.7325019836426 24.432502746582 20.5325012207031 18.3424987792969 14.3024978637695 4.2124981880188 -9999 -9999 -9999 -9999 -9999 -9999 -9999 -9999 -9999
1255.48950195312 877.077087402344 556.947082519531 405.837066650391 316.957061767578 232.565017700195 193.305023193359 123.245018005371 47.8150177001953 34.4750213623047 33.8424987792969 33.2824974060059 28.3224983215332 25.1424980163574 22.9174995422363 16.5074996948242 10.7174987792969 4.15749931335449 0.956627488136292 -9999 -9999 -9999 -9999 -9999 -9999 -9999
1437.94958496094 859.657043457031 590.407043457031 445.47705078125 352.397064208984 288.605010986328 252.945022583008 181.495025634766 106.90502166748 66.0050201416016 45.0824966430664 40.252498626709 33.5524978637695 29.5324974060059 27.6574993133545 21.8674983978271 17.5774993896484 10.4774990081787 4.08662748336792 -9999 -9999 -9999 -9999 -9999 -9999 -9999
1402.71948242188 930.287048339844 695.827087402344 543.567077636719 416.317047119141 331.545013427734 297.185028076172 221.89501953125 174.855026245117 125.275016784668 54.8824996948242 50.7624969482422 36.4624977111816 33.7124977111816 30.6674995422363 25.2274990081787 19.5774993896484 12.6174993515015 4.01662731170654 -9999 -9999 -9999 -9999 -9999 -9999 -9999
2527.35961914062 1379.45703125 959.9970703125 769.9970703125 627.257080078125 494.735015869141 431.685028076172 325.875030517578 231.965026855469 165.245025634766 87.0824966430664 65.0024948120117 49.4924964904785 36.8824996948242 36.1375007629395 29.5274982452393 22.3074989318848 15.7274990081787 4.33662748336792 -9999 -9999 -9999 -9999 -9999 -9999 -9999
2738.78857421875 2795.689453125 2880.599609375 2239.44946289062 1043.25952148438 902.032653808594 798.862609863281 610.97265625 432.082641601562 280.292633056641 170.579986572266 81.8199844360352 59.6999855041504 44.8899841308594 41.8650054931641 34.3350067138672 26.5850067138672 18.0050067901611 5.6399974822998 -9999 -9999 -9999 -9999 -9999 -9999 -9999
2826.55859375 2886.53955078125 2902.099609375 3000.20947265625 2884.7294921875 1962.07263183594 1193.6826171875 777.922607421875 564.402648925781 363.292633056641 223.419982910156 113.369987487793 66.3599853515625 49.309986114502 45.9450073242188 36.8750076293945 28.6050071716309 19.6950073242188 3.23999762535095 1.91999769210815 -9999 -9999 -9999 -9999 -9999 -9999
2875.94873046875 2994.27954101562 3035.099609375 3068.19946289062 3098.74951171875 3185.82250976562 3205.81274414062 2327.1025390625 797.502624511719 487.082641601562 262.669982910156 159.529983520508 83.4799880981445 60.5099868774414 52.3450050354004 43.5650062561035 33.9950065612793 23.4150066375732 10.129997253418 4.17999744415283 -9999 -9999 -9999 -9999 -9999 -9999
2868.30859375 2938.04956054688 2993.16943359375 3082.49951171875 3164.69946289062 3178.70263671875 3202.52270507812 3228.79272460938 1370.36267089844 686.762634277344 298.659973144531 166.639984130859 108.039985656738 71.1799850463867 61.4850082397461 48.2450065612793 41.2250061035156 29.2750072479248 14.1899976730347 -9999 -9999 -9999 -9999 -9999 -9999 -9999
2879.7587890625 2956.00952148438 3004.08959960938 3076.849609375 3171.32958984375 3212.75268554688 3227.81274414062 3236.88256835938 3162.90258789062 1017.33264160156 343.709991455078 187.649978637695 133.249984741211 82.8399887084961 70.9050064086914 54.8150062561035 44.765007019043 35.4050064086914 24.2299976348877 12.879997253418 -9999 -9999 -9999 -9999 -9999 -9999
2850.75268554688 2860.86743164062 3018.26733398438 3123.78735351562 3165.34741210938 3215.63232421875 3220.8623046875 3247.59252929688 3260.1123046875 2711.26245117188 512.344787597656 204.474807739258 154.804809570312 97.4048080444336 81.8124923706055 61.5024948120117 50.0824966430664 39.7224960327148 29.7674980163574 20.1974983215332 5.03749752044678 0.577497720718384 -9999 -9999 -9999 -9999
2870.12280273438 2935.607421875 3033.9775390625 3112.41748046875 3170.61743164062 3200.3125 3218.232421875 3239.6123046875 3267.6123046875 3294.95239257812 857.524780273438 211.564804077148 174.224807739258 130.724807739258 105.80249786377 66.2224960327148 53.1724967956543 42.0624961853027 31.877498626709 23.0874977111816 12.5274972915649 -9999 -9999 -9999 -9999 -9999
3013.22265625 3050.05737304688 3035.96752929688 3108.30737304688 3157.70751953125 3182.482421875 3201.95239257812 3245.26245117188 3276.18237304688 3298.9423828125 1396.28479003906 227.094802856445 187.974807739258 138.244812011719 120.662498474121 71.7424926757812 56.6224937438965 45.982494354248 34.4574966430664 26.7274971008301 15.1774978637695 10.0374975204468 7.95749759674072 -9999 -9999 -9999
3128.77270507812 3162.52734375 3167.57739257812 3164.12744140625 3150.03735351562 3235.0224609375 3249.90234375 3275.03247070312 3292.67236328125 3313.482421875 2014.14477539062 282.564819335938 196.204803466797 147.794799804688 125.932495117188 75.1824951171875 59.6124954223633 50.6924934387207 40.3374977111816 29.6774978637695 22.5074977874756 14.5974979400635 10.7774972915649 -9999 -9999 -9999
3187.57006835938 3222.33520507812 3216.3251953125 3214.115234375 3163.55517578125 3225.88989257812 3248.080078125 3263.81005859375 3285.34008789062 3311.6201171875 2239.06274414062 355.932647705078 192.302642822266 149.562652587891 129.502502441406 76.0325012207031 61.4324989318848 51.9925003051758 42.2599945068359 34.069995880127 24.899995803833 17.1199951171875 12.899995803833 0.425002127885818 -9999 -9999
3295.86010742188 3322.16528320312 3294.29516601562 3264.6953125 3212.6552734375 3210.89990234375 3232.32006835938 3264.60009765625 3293.85009765625 3324.23999023438 2157.25268554688 657.032653808594 172.782653808594 147.172653198242 129.332504272461 83.6624984741211 64.0325012207031 56.4324989318848 45.5299949645996 34.4799957275391 26.2499961853027 18.6899948120117 15.0399951934814 7.07500219345093 3.59500217437744 -9999
3378.60009765625 3377.09521484375 3310.2451171875 3271.28515625 3249.38525390625 3244.669921875 3242.76000976562 3276.07006835938 3296.13989257812 3328.25 3357.34252929688 1348.05261230469 200.952651977539 142.582641601562 127.07250213623 82.2224960327148 66.8625030517578 57.7425003051758 48.0499954223633 34.5999946594238 27.6799945831299 20.3899955749512 16.3799953460693 10.7950019836426 7.18500232696533 0.555002152919769
3387.09008789062 3369.98510742188 3328.92529296875 3302.52514648438 3290.18530273438 3284.5 3284.61010742188 3306.18994140625 3333 3348.43994140625 3374.45263671875 1972.94262695312 409.922637939453 138.302642822266 122.242500305176 79.0924987792969 66.3724975585938 58.4324989318848 47.0199966430664 37.7799949645996 29.3699951171875 20.569995880127 18.3799953460693 12.3050022125244 7.47500228881836 2.31500220298767
