maps/bathymetry/depth 5min 66x78.asc
NCOLS 78 
NROWS 66 
XLLCORNER -87.5 
YLLCORNER 25 
CELLSIZE 0.0833333333333333 
NODATA_value -9999 
[rows 22 to 43 of 66, columns 0 to 48 of 78]
1457.24475097656 1300.31469726562 1167.27478027344 1049.87475585938 871.554382324219 806.484375 747.884399414062 701.724365234375 615.684387207031 579.204406738281 543.630859375 505.790863037109 439.890869140625 412.590850830078 390.960845947266 371.100860595703 332.934997558594 315.105010986328 299.024993896484 282.385009765625 244.575012207031 224.365005493164 207.625 196.544967651367 176.174957275391 165.154968261719 153.734970092773 141.744964599609 112.144966125488 88.8624954223633 63.9025001525879 55.1024971008301 53.4324989318848 52.5124969482422 50.442497253418 48.1525001525879 40.9300003051758 34.7100028991699 36.370002746582 35.0300025939941 34.4700012207031 32.6000022888184 30.3374977111816 29.957498550415 27.1974983215332 25.4474983215332 24.1474990844727 23.0074977874756 20.7600002288818
1505.86474609375 1347.46472167969 1214.54479980469 1097.29479980469 907.404418945312 839.684387207031 780.284423828125 729.964416503906 658.644409179688 621.404418945312 581.270874023438 543.570861816406 473.030853271484 443.710845947266 418.000854492188 393.310852050781 348.415008544922 329.705017089844 312.024993896484 295.325012207031 259.355010986328 237.755004882812 217.835006713867 203.854965209961 184.01496887207 174.0849609375 163.064956665039 151.744964599609 122.364959716797 103.902496337891 76.3125 58.3724975585938 56.7924995422363 55.4025001525879 53.6024971008301 50.8524971008301 43.2800025939941 37.1400032043457 37.6400032043457 33.8800010681152 34.7800025939941 32.9900016784668 31.6174983978271 30.7574977874756 28.1374988555908 26.5674991607666 24.7574977874756 23.8374977111816 20.0499992370605
2306.134765625 1648.65478515625 1385.86474609375 1264.19470214844 1049.46435546875 968.044372558594 901.124389648438 845.454406738281 756.894409179688 721.414367675781 689.140869140625 649.000854492188 577.680847167969 542.960876464844 511.260864257812 480.320861816406 418.295013427734 390.045013427734 364.485015869141 342.085021972656 301.89501953125 281.195007324219 260.494995117188 238.454956054688 200.694961547852 188.704956054688 178.754959106445 169.534957885742 141.954956054688 120.30249786377 100.162498474121 81.8424987792969 61.9025001525879 63.4925003051758 60.9225006103516 58.7224998474121 49.5200004577637 43.2900009155273 37.8300018310547 37.2300033569336 37 36.4400024414062 34.3574981689453 32.6875 30.5274982452393 28.9374980926514 27.2374992370605 25.1574974060059 21.7799987792969
2573.03466796875 2334.24462890625 1606.24475097656 1395.27478027344 1163.59436035156 1067.30444335938 987.294372558594 926.00439453125 830.904418945312 788.374389648438 752.690856933594 718.36083984375 645.450866699219 608.490844726562 574.010864257812 542.280883789062 477.175018310547 445.975006103516 415.695007324219 386.265014648438 338.165008544922 316.585021972656 294.744995117188 273.214965820312 226.324966430664 205.284957885742 189.074966430664 176.544967651367 152.854965209961 130.832504272461 110.132499694824 91.5224990844727 64.6324996948242 65.6624984741211 64.7624969482422 61.9225006103516 54.870002746582 46.9600028991699 48.3800010681152 43.0900001525879 36.6100006103516 37.9700012207031 36.8574981689453 34.2474975585938 31.5874977111816 29.8474979400635 27.8274974822998 26.1974983215332 22.7399997711182
2596.95483398438 2605.21484375 2350.3447265625 1976.16479492188 1397.66442871094 1238.25439453125 1135.68444824219 1051.96435546875 922.354370117188 867.654418945312 822.340881347656 786.590881347656 721.040832519531 681.780883789062 644.760864257812 611.740844726562 544.554992675781 511.225006103516 478.585021972656 446.214996337891 385.744995117188 357.725006103516 334.445007324219 312.814971923828 260.924957275391 235.324966430664 212.214965820312 192.554962158203 164.104965209961 147.63249206543 124.762496948242 102.212501525879 68.7525024414062 67.692497253418 68.3024978637695 65.0325012207031 58.4400024414062 51.1300010681152 51.4800033569336 46.0900001525879 36.3900032043457 36.560001373291 37.4874992370605 35.9674987792969 32.4375 31.0874977111816 29.3574981689453 26.6374988555908 22.9099998474121
2602.884765625 2631.60473632812 2657.48486328125 2686.91479492188 2635.96435546875 2427.38427734375 2103.49438476562 1770.30444335938 1126.74438476562 995.5244140625 913.40087890625 861.230834960938 801.050842285156 765.870849609375 728.600830078125 696.310852050781 629.035034179688 591.39501953125 556.89501953125 523.465026855469 455.964996337891 421.865020751953 389.985015869141 361.234954833984 304.244964599609 275.314971923828 249.76496887207 224.814956665039 180.634963989258 164.072494506836 144.682495117188 119.922500610352 79.4124984741211 70.7924957275391 70.3724975585938 68.0325012207031 60.7600021362305 53.6400032043457 53.1500015258789 45.9900016784668 38.7400016784668 37.8800010681152 38.627498626709 37.5774993896484 34.6074981689453 32.4074974060059 30.0874977111816 27.5574989318848 24.3599987030029
2707.8466796875 2723.50659179688 2754.79663085938 2769.32666015625 2767.75463867188 2791.75463867188 2833.49462890625 2869.45483398438 2893.4248046875 2879.33471679688 2168.99731445312 1210.447265625 986.377319335938 942.387329101562 912.047302246094 877.297302246094 840.240539550781 807.390563964844 766.370544433594 717.670532226562 629.660522460938 582.860534667969 540.110534667969 501.320861816406 416.490844726562 375.870849609375 340.180847167969 305.520843505859 245.640853881836 219.675491333008 194.195495605469 169.345489501953 114.385498046875 90.2054977416992 81.2754974365234 74.4254989624023 66.7674942016602 60.7974967956543 55.9074974060059 49.9774971008301 45.0374984741211 43.0874977111816 41.0250015258789 40.3150024414062 37.0250015258789 35.3650016784668 33.0750007629395 30.7350006103516 26.5424976348877
2755.48657226562 2768.32666015625 2783.5966796875 2805.4765625 2825.83471679688 2822.1748046875 2821.24462890625 2864.90478515625 2923.86474609375 2936.33471679688 2943.75732421875 2634.57739257812 1402.03735351562 1196.26733398438 1122.32727050781 1074.20727539062 1009.67053222656 950.820556640625 886.900573730469 824.490539550781 724.570556640625 681.910522460938 639.020568847656 591.140869140625 490.950836181641 445.010864257812 400.290863037109 358.380859375 282.050842285156 252.145492553711 226.475494384766 201.295501708984 142.145492553711 115.895500183105 92.3054962158203 79.2754974365234 68.817497253418 63.7474975585938 58.3374977111816 51.9874954223633 46.007495880127 45.4274978637695 43.9250030517578 42.2150001525879 38.0250015258789 35.7750015258789 33.125 31.4650020599365 27.8124980926514
2800.87646484375 2824.36645507812 2838.82666015625 2846.88647460938 2871.96484375 2871.97485351562 2871.97485351562 2874.8046875 2929.44482421875 2969.61474609375 2983.97729492188 2986.80737304688 2986.0673828125 2801.1171875 2566.79736328125 2280.32739257812 1376.89050292969 1191.84057617188 1057.57055664062 942.750549316406 806.590576171875 757.530517578125 713.340576171875 665.0908203125 560.630859375 505.220855712891 456.530853271484 408.840850830078 320.080841064453 281.485504150391 252.975494384766 227.30549621582 173.895492553711 141.035491943359 112.96549987793 93.7954940795898 76.0074996948242 66.3074951171875 62.7774963378906 53.877498626709 47.6374969482422 47.627498626709 45.625 43.1050033569336 40.0050010681152 36.7250022888184 35.0650024414062 32.625 28.4624977111816
2831.62646484375 2849.37646484375 2870.20654296875 2886.16650390625 2913.24462890625 2912.96484375 2920.47485351562 2926.75463867188 2915.52465820312 2958.61474609375 2999.20727539062 3030.83740234375 3048.16723632812 3078.79736328125 3092.20727539062 3102.75732421875 2933.310546875 2346.23046875 1574.45056152344 1199.94055175781 932.890563964844 852.710571289062 788.090576171875 734.490844726562 623.40087890625 568.3408203125 517.230834960938 459.410858154297 360.420837402344 316.215484619141 275.785491943359 245.46549987793 195.495498657227 169.245498657227 136.975494384766 109.745498657227 80.6974945068359 72.8274993896484 63.5274963378906 58.3974952697754 50.877498626709 51.0774955749512 48.375 46.6650009155273 40.5450019836426 38.9050025939941 36.8050003051758 34.0950012207031 29.752498626709
2871.27661132812 2899.3466796875 2934.36645507812 2962.19653320312 2984.5146484375 2978.45483398438 2984.49462890625 2986.78466796875 3011.32470703125 3012.31469726562 3000.33740234375 3000.59741210938 3069.07739257812 3103.5673828125 3129.16723632812 3143.79736328125 3177.96044921875 3182.32055664062 3187.810546875 3170.88061523438 2010.28051757812 1222.310546875 1038.48059082031 911.140869140625 736.320861816406 669.010864257812 603.890869140625 539.200866699219 404.950836181641 352.495483398438 304.255493164062 267.935485839844 214.295501708984 192.205490112305 168.825500488281 138.515502929688 94.6574935913086 79.3974990844727 69.4874954223633 64.8774948120117 59.7474975585938 56.2274971008301 52.375 48.9449996948242 44.7150001525879 42.0850028991699 39.495002746582 36.9550018310547 33.2124977111816
2849.2265625 2896.03662109375 2938.52661132812 2967.46655273438 3000.40478515625 3019.69482421875 3017.20483398438 3016.82470703125 3043.54467773438 3051.85473632812 3058.28735351562 3040.70727539062 3037.7373046875 3089.54736328125 3135.9873046875 3154.79736328125 3184.72045898438 3189.1904296875 3200.560546875 3207.560546875 3021.24047851562 2119.99047851562 1439.68054199219 1092.07080078125 801.160827636719 725.810852050781 657.420837402344 587.61083984375 429.790863037109 370.455505371094 318.905487060547 273.515502929688 219.46549987793 197.185501098633 174.385498046875 144.345489501953 104.067497253418 84.5974960327148 76.2474975585938 67.2674942016602 61.5374984741211 58.0274963378906 53.2550010681152 50.8650016784668 46.875 44.2250022888184 41.1750030517578 39.0650024414062 34.5824966430664
2855.88647460938 2902.646484375 2945.78662109375 2967.7265625 3002.36474609375 3029.54467773438 3038.62475585938 3042.07470703125 3064.04467773438 3077.11474609375 3084.8671875 3088.91723632812 3054.447265625 3055.82739257812 3113.63720703125 3151.4873046875 3181.86059570312 3187.50048828125 3205.37060546875 3209.74047851562 3204.4306640625 3104.810546875 2643.9404296875 1548.12084960938 878.950866699219 784.100830078125 713.160827636719 640.500854492188 456.930847167969 389.415496826172 333.345489501953 285.435485839844 222.045501708984 199.55549621582 175.435501098633 143.935501098633 112.657493591309 93.0475006103516 80.0274963378906 70.3574981689453 63.9374961853027 58.5174980163574 54.2750015258789 50.9750022888184 48.2849998474121 45.6450004577637 43.2350006103516 40.185001373291 35.1424980163574
2862.27856445312 2917.58862304688 2957.32861328125 2974.1884765625 3002.18505859375 3022.125 3032.17504882812 3029.76489257812 3056.69482421875 3068.31494140625 3083.41723632812 3104.87719726562 3108.63720703125 3087.98706054688 3091.1171875 3135.1171875 3182.91259765625 3191.91259765625 3204.3525390625 3211.46240234375 3214.01245117188 3211.2724609375 3137.482421875 2309.1201171875 977.960021972656 854.679992675781 770.700012207031 697.27001953125 490.040008544922 407.995025634766 347.14501953125 298.135040283203 223.565032958984 201.195022583008 173.725021362305 145.32502746582 118.867492675781 99.9874877929688 83.2074890136719 75.5074920654297 65.7574920654297 61.8374900817871 55.8050003051758 53.0250015258789 48.2950019836426 46.5750007629395 43.8850021362305 41.7950019836426 37.4599990844727
2874.5185546875 2912.978515625 2937.888671875 2949.11865234375 2958.044921875 2968.044921875 2983.20483398438 2987.07495117188 3021.5849609375 3047.14501953125 3062.91723632812 3085.66723632812 3132.87719726562 3148.96728515625 3156.73706054688 3159.93725585938 3154.12255859375 3185.5224609375 3190.74243164062 3199.70263671875 3218.92260742188 3219.49243164062 3218.26245117188 3163.4599609375 1321.11999511719 1046.75 903.200012207031 810.159973144531 579.289978027344 458.835021972656 383.595031738281 322.1650390625 230.305023193359 205.205032348633 179.255020141602 151.045028686523 125.75749206543 114.167488098145 94.1374893188477 79.4174880981445 74.3274917602539 65.1874923706055 61.4250030517578 59.0750007629395 50.9650001525879 48.4450035095215 46.745002746582 44.7750015258789 41.379997253418
2831.25854492188 2854.49853515625 2881.82861328125 2900.67846679688 2928.17504882812 2949.625 2967.95483398438 2983.09497070312 3009.44482421875 3068.13500976562 3083.38720703125 3098.01708984375 3132.68725585938 3168.05712890625 3185.01708984375 3189.6171875 3181.67260742188 3193.50244140625 3202.86254882812 3216.80249023438 3238.09252929688 3239.72241210938 3237.70263671875 3235.73999023438 1920.21997070312 1193.34997558594 997.760009765625 884.960021972656 658.070007324219 517.325012207031 421.965026855469 339.135040283203 233.775024414062 207.185028076172 177.955032348633 158.315032958984 131.397491455078 121.51749420166 102.337493896484 82.7174911499023 76.2874908447266 68.927490234375 64.7249984741211 60.7150001525879 51.9850006103516 49.6650009155273 48.1450004577637 46.5050010681152 43.6499977111816
2811.42846679688 2833.30859375 2862.66870117188 2889.04858398438 2938.44482421875 2957.14501953125 2968.32495117188 2982.53491210938 3002.56494140625 3057.51489257812 3077.54711914062 3090.97705078125 3124.81713867188 3156.08715820312 3181.91723632812 3195.1171875 3213.61254882812 3190.79248046875 3212.54248046875 3211.67260742188 3244.32250976562 3240.32250976562 3239.00244140625 3238.93994140625 2262.40991210938 1309.61999511719 1103.69995117188 967.159973144531 733.809997558594 568.745056152344 452.705017089844 354.6650390625 236.035034179688 208.105026245117 175.765029907227 164.925033569336 140.917495727539 127.967491149902 112.34748840332 94.4174880981445 79.1874923706055 72.2874908447266 68.7050018310547 62.9850006103516 53.4250030517578 50.9850006103516 50.2050018310547 48.0050010681152 44.9199981689453
2828.25854492188 2852.228515625 2881.04858398438 2907.55859375 2948.84497070312 2962.43505859375 2966.35498046875 2978.46484375 3004.47485351562 3042.81494140625 3076.81713867188 3088.39721679688 3126.46728515625 3144.70727539062 3179.62719726562 3198.58715820312 3213.0625 3221.04248046875 3217.79248046875 3219.6025390625 3250.33251953125 3248.25244140625 3242.5224609375 3244.48999023438 2901.30004882812 1691.68005371094 1246.18005371094 1071.23999023438 809.719970703125 625.265014648438 480.715026855469 370.155029296875 238.565032958984 210.195022583008 188.385025024414 171.385025024414 147.237487792969 133.887496948242 118.727493286133 102.617492675781 80.5974884033203 76.2874908447266 71.0550003051758 64.9350051879883 54.1050033569336 52.8250007629395 51.7350006103516 50.2050018310547 45.3299980163574
2875.82861328125 2894.28857421875 2916.55859375 2935.14868164062 2954.794921875 2961.49487304688 2977.19482421875 3000.27490234375 3031.28491210938 3035.96484375 3068.2470703125 3083.8271484375 3138.38720703125 3171.88720703125 3180.47705078125 3183.30712890625 3208.71240234375 3213.4326171875 3222.0625 3231.70263671875 3231.69262695312 3239.04248046875 3236.04248046875 3249.53002929688 3260.75 3255.71997070312 2710.419921875 1455.06994628906 972.369995117188 792.465026855469 561.515014648438 401.595031738281 237.275024414062 216.805023193359 197.125030517578 179.295028686523 152.857498168945 139.327484130859 131.977493286133 119.897491455078 88.4974899291992 81.6574935913086 75.7050018310547 69.6850051879883 56.7850036621094 57.6550025939941 54.8650016784668 52.6750030517578 46.8699989318848
2872.86767578125 2873.31762695312 2889.09765625 2915.6474609375 2939.9951171875 2949.01513671875 2969.875 2994.76513671875 3032.11499023438 3035.9951171875 3063.6650390625 3083.125 3146.51489257812 3162.32495117188 3180.15502929688 3181.39501953125 3198.59008789062 3213.23022460938 3219.64013671875 3225.91015625 3230.07006835938 3244.75024414062 3241.82006835938 3235.89477539062 3267.24462890625 3268.46484375 3145.3447265625 1874.11474609375 1110.11474609375 903.387512207031 637.087524414062 424.587524414062 240.477523803711 221.917526245117 204.997512817383 184.107513427734 158.285003662109 146.315002441406 136.255004882812 123.445007324219 95.3750076293945 85.7050094604492 77.8899993896484 72.3499984741211 58.7999954223633 59.0199966430664 56.9699974060059 53.5999946594238 47.1875
2875.36767578125 2874.53759765625 2870.9775390625 2884.267578125 2915.65502929688 2942.4951171875 2967.7451171875 2987.17504882812 3028.13500976562 3054.71508789062 3072.67504882812 3109.01489257812 3151.1650390625 3165.794921875 3176.625 3188.52490234375 3193.38012695312 3203.84008789062 3217.82006835938 3225.8701171875 3237.61010742188 3240.90014648438 3253.69018554688 3242.68481445312 3268.11474609375 3271.89477539062 3274.2646484375 2803.89477539062 1342.0546875 1066.57751464844 759.267517089844 459.387512207031 248.337524414062 224.697525024414 208.467514038086 189.427520751953 160.975006103516 153.065002441406 142.46501159668 128.495010375977 98.6550064086914 87.0650100708008 81.1699981689453 74.879997253418 60.4899940490723 61.8399963378906 58.1899948120117 55.4499969482422 49.6575012207031
2858.59765625 2856.1875 2867.4375 2862.84765625 2886.17504882812 2934.64501953125 2963.38500976562 2995.1650390625 3071.15502929688 3096.44506835938 3096.63500976562 3138.40502929688 3141.98486328125 3159.705078125 3183.46508789062 3205.90502929688 3205.50024414062 3205.73022460938 3218.26025390625 3228.44018554688 3239.7900390625 3243.38012695312 3248.7900390625 3261.37475585938 3249.95483398438 3275.29467773438 3280.35473632812 3252.884765625 1713.68469238281 1397.05749511719 1040.33752441406 542.417541503906 258.137512207031 232.20751953125 214.297515869141 192.187515258789 164.615005493164 158.605010986328 144.955001831055 132.015014648438 101.965003967285 86.9450073242188 83.7399978637695 76.859992980957 63.6499938964844 62.0399971008301 58.9799957275391 56.2799949645996 51.2775001525879
