maps/bathymetry/depth 5min 66x78.asc
NCOLS 78 
NROWS 66 
XLLCORNER -87.5 
YLLCORNER 25 
CELLSIZE 0.0833333333333333 
NODATA_value -9999 
[rows 44 to 65 of 66, columns 0 to 48 of 78]
2812.1875 2808.8974609375 2831.77758789062 2853.52758789062 2871.2451171875 2894.72509765625 2928.955078125 2988.28515625 3087.13500976562 3115.48510742188 3115.26489257812 3144.125 3170.99487304688 3180.44506835938 3172.49487304688 3170.81494140625 3198.09008789062 3208.7900390625 3219.080078125 3224.5302734375 3239.93017578125 3253.41015625 3253.1201171875 3251.56469726562 3269.7646484375 3254.23461914062 3275.6748046875 3289.90478515625 3289.81469726562 3030.6875 2084.44750976562 1156.40747070312 278.027526855469 245.067520141602 215.867523193359 198.367523193359 181.955001831055 170.335006713867 156.455001831055 142.30500793457 120.585006713867 104.005004882812 88.3099975585938 84.629997253418 71.609992980957 67.5999984741211 62.2599945068359 59.0299949645996 53.4775009155273
2814.77758789062 2820.66748046875 2841.4775390625 2860.6474609375 2876.0849609375 2905.19506835938 2930.05493164062 2968.96508789062 3083.69506835938 3112.80493164062 3121.96508789062 3139.34497070312 3147.69506835938 3160.18505859375 3169.0048828125 3171.294921875 3203.4501953125 3216.2802734375 3220.5302734375 3219.080078125 3238.46020507812 3246.02026367188 3254.91015625 3253.44482421875 3263.68481445312 3275.58471679688 3262.61474609375 3286.0546875 3298.60473632812 3284.1875 2295.50756835938 1069.17749023438 291.727508544922 249.797515869141 213.057525634766 196.147521972656 189.875 173.695007324219 160.105010986328 147.265014648438 128.115005493164 116.30500793457 101.099998474121 88.3299942016602 74.4599990844727 67.4299926757812 63.3099975585938 59.2199974060059 52.6474990844727
2848.19750976562 2858.62768554688 2875.267578125 2900.4375 2933.7451171875 2947.27514648438 2968.375 3000.89501953125 3078.98510742188 3098.72509765625 3109.36499023438 3123.8349609375 3152.92504882812 3166.11499023438 3170.92504882812 3173.48486328125 3195.5400390625 3206.8701171875 3212.07006835938 3217.91015625 3234.43017578125 3239.41015625 3245.16015625 3257.04467773438 3259.5546875 3277.7646484375 3284.15478515625 3287.3046875 3295.07470703125 3291.20751953125 2393.96752929688 1157.84753417969 310.237518310547 255.027526855469 215.377517700195 203.417526245117 192.335006713867 179.345001220703 163.705001831055 149.495010375977 134.385009765625 122.085006713867 108.099998474121 93.0799942016602 78.5099945068359 67.8699951171875 62.819995880127 59.5299949645996 54.6175003051758
2885.40747070312 2888.25756835938 2920.71752929688 2932.517578125 2952.77514648438 2969.96508789062 2997.78515625 3030.64501953125 3089.61499023438 3096.25512695312 3098.955078125 3117.5048828125 3153.59497070312 3167.26489257812 3178.17504882812 3184.875 3191.91015625 3206.94018554688 3217.1201171875 3225.82006835938 3232.57006835938 3233.14013671875 3240.73022460938 3250.40478515625 3266.47485351562 3266.65478515625 3290.19482421875 3293.00463867188 3295.33471679688 3186.7275390625 2103.74755859375 1191.09753417969 335.877532958984 261.907531738281 221.447525024414 206.007522583008 195.795013427734 184.485000610352 169.355010986328 153.675003051758 139.155014038086 127.275009155273 119.729995727539 102.299995422363 80.3999938964844 70.0999984741211 64.109992980957 61.3099975585938 55.4174995422363
2967.857421875 2973.81762695312 2978.82763671875 2993.88745117188 3013.42504882812 3009.52490234375 3004.11499023438 3037.5849609375 3097.40502929688 3109.0849609375 3129.17749023438 3145.9375 3156.54760742188 3177.86743164062 3187.08740234375 3195.24755859375 3196.48486328125 3193.60473632812 3193.12475585938 3196.45483398438 3213.47485351562 3222.39477539062 3236.18481445312 3245.53247070312 3272.88256835938 3283.142578125 3288.30249023438 3295.95239257812 3297.79248046875 3295.00512695312 2744.705078125 1657.78503417969 445.434997558594 281.445007324219 226.30500793457 212.395004272461 200.482498168945 190.372497558594 178.672500610352 155.282501220703 146.662506103516 134.382507324219 124.057502746582 113.097496032715 83.7174987792969 74.9475021362305 70.0475006103516 63.8574981689453 55.5249977111816
2972.95751953125 2985.17749023438 2993.8974609375 3007.78759765625 3017.02490234375 3022.794921875 3025.17504882812 3010.0849609375 3078.86499023438 3097.30493164062 3110.79760742188 3129.32763671875 3157.1875 3158.92749023438 3173.9775390625 3189.28759765625 3190.14477539062 3188.08471679688 3193.08471679688 3209.07470703125 3232.40478515625 3237.90478515625 3247.5146484375 3250.8525390625 3269.61254882812 3279.72241210938 3287.29248046875 3297.62255859375 3293.47241210938 3234.68505859375 2905.51489257812 1768.0849609375 534.585021972656 299.625 230.255004882812 215.145004272461 204.3125 193.592498779297 180.182510375977 169.452499389648 136.752502441406 134.142501831055 126.627502441406 114.507499694824 84.9274978637695 75.5074996948242 68.9174957275391 65.5274963378906 57.1649971008301
3044.66748046875 3050.09741210938 3058.517578125 3074.17749023438 3076.11499023438 3072.13500976562 3071.17504882812 3057.0849609375 3057.72485351562 3081.7548828125 3085.27758789062 3107.81762695312 3129.81762695312 3147.77758789062 3150.15747070312 3147.5576171875 3170.72485351562 3180.97485351562 3197.134765625 3208.52465820312 3230.65478515625 3242.87475585938 3252.7646484375 3259.09252929688 3273.32250976562 3282.07250976562 3288.40258789062 3293.32250976562 3298.6923828125 2642.34497070312 2034.31506347656 1591.65502929688 654.804992675781 327.635009765625 237.705017089844 225.285003662109 206.772506713867 195.102508544922 183.002502441406 171.592498779297 148.442504882812 133.622497558594 125.707496643066 115.817497253418 84.6674957275391 74.9674987792969 67.5875015258789 64.4475021362305 58.4849967956543
3073.15747070312 3080.96752929688 3092.857421875 3100.61743164062 3105.5048828125 3103.32495117188 3102.455078125 3094.43505859375 3041.05493164062 3030.52490234375 3067.88745117188 3090.07763671875 3119.13745117188 3126.1875 3139.8076171875 3174.267578125 3186.56469726562 3206.69482421875 3219.73486328125 3230.54467773438 3247.97485351562 3258.03466796875 3269.23486328125 3276.21240234375 3287.732421875 3289.87255859375 3293.71240234375 3303.21240234375 3314.99243164062 3294.43505859375 2154.90502929688 1586.375 791.734985351562 373.515014648438 248.865005493164 222.235015869141 208.432510375977 197.182510375977 185.542495727539 172.052505493164 149.002502441406 139.892501831055 129.907501220703 116.337501525879 86.9375 75.1774978637695 70.2774963378906 64.4574966430664 58.9049987792969
3111.7275390625 3120.17749023438 3132.0576171875 3136.4775390625 3152.15502929688 3155.36499023438 3155.544921875 3152.294921875 3152.5849609375 3148.27490234375 3148.21752929688 3147.31762695312 3151.49755859375 3148.67749023438 3152.6875 3190.267578125 3229.7548828125 3244.4248046875 3240.08471679688 3239.65478515625 3271.40478515625 3275.44482421875 3280.884765625 3276.63256835938 3293.18237304688 3294.892578125 3301.5625 3311.8125 3316.642578125 3315.68505859375 3304.10498046875 2479.9150390625 1129.1650390625 535.554992675781 306.14501953125 234.96501159668 214.002502441406 202.152496337891 190.152496337891 176.642501831055 152.972503662109 143.572509765625 133.327499389648 119.637496948242 93.9974975585938 77.8574981689453 71.7275009155273 68.0074996948242 60.3349990844727
3139.77758789062 3143.3974609375 3154.08764648438 3170.46752929688 3177.55493164062 3184.44506835938 3183.10498046875 3175.40502929688 3189.0849609375 3183.0849609375 3179.66748046875 3181.3076171875 3169.06762695312 3148.4775390625 3150.31762695312 3188.02758789062 3227.22485351562 3238.6748046875 3255.7646484375 3264.10473632812 3261.8046875 3267.08471679688 3276.73486328125 3278.09252929688 3291.09252929688 3291.51245117188 3296.91235351562 3307.42236328125 3314.79248046875 3319.13500976562 3308.77490234375 2499.69506835938 1124.20495605469 609.285034179688 347.845001220703 241.295013427734 213.072509765625 203.662506103516 188.842498779297 176.972503662109 152.74250793457 141.902496337891 132.647506713867 118.117500305176 95.4974975585938 80.9174957275391 70.2275009155273 69.3375015258789 61.064998626709
3166.46997070312 3174.0400390625 3190.40014648438 3200.17993164062 3208.60986328125 3211.4599609375 3209.92993164062 3208.11987304688 3219.47998046875 3208.22998046875 3211.39013671875 3203.16015625 3165.00024414062 3160.8701171875 3156.5302734375 3185.79028320312 3220.07250976562 3237.36254882812 3252.29248046875 3260.67260742188 3269.232421875 3257.3125 3266.91259765625 3280.56298828125 3284.22290039062 3292.18286132812 3293.24291992188 3300.26293945312 3315.02294921875 3316.2373046875 3315.88720703125 2949.63720703125 1136.76733398438 713.21728515625 398.747283935547 258.617309570312 214.384994506836 203.164993286133 184.53498840332 175.314987182617 153.904983520508 143.384994506836 137.035003662109 121.485000610352 93.9050064086914 80.5850067138672 70.1650009155273 70.3050003051758 62.3099937438965
3205.02001953125 3204.75 3216.40014648438 3221.30004882812 3242.39990234375 3237.6298828125 3223.81982421875 3217.97998046875 3234.28002929688 3228.46997070312 3220.77026367188 3221.16015625 3186.68017578125 3174.27026367188 3162.56005859375 3169.7802734375 3217.6826171875 3228.4326171875 3237.8125 3241.53247070312 3252.34252929688 3272.38256835938 3258.642578125 3269.44287109375 3273.10302734375 3291.8330078125 3295.38305664062 3300.80297851562 3314.0830078125 3322.05737304688 3318.0673828125 2872.52734375 1139.87731933594 797.127319335938 475.357299804688 290.997283935547 213.114990234375 201.924987792969 179.574981689453 168.60498046875 154.804992675781 146.174987792969 135.285003662109 124.215003967285 94.7050018310547 83.2150039672852 70.1750030517578 70.7850036621094 63.4799957275391
3252.419921875 3257.36010742188 3265.59008789062 3275.13012695312 3291.56982421875 3279.419921875 3268.11987304688 3259.83984375 3255.78002929688 3254.65991210938 3252.10009765625 3250.80029296875 3213.65014648438 3187.09008789062 3203.6201171875 3173.92016601562 3197.42260742188 3212.97241210938 3216.41259765625 3227.59252929688 3240.37255859375 3247.84252929688 3253.91259765625 3274.89282226562 3284.04296875 3291.53295898438 3297.712890625 3304.59301757812 3329.89282226562 3336.80737304688 3325.18725585938 2435.8173828125 1265.71728515625 956.267272949219 614.457275390625 382.867309570312 210.244995117188 186.754989624023 166.394989013672 166.204986572266 151.114990234375 144.204986572266 136.214996337891 124.145004272461 101.04500579834 90.8650054931641 76.6850051879883 71.9250030517578 64.5199966430664
3286.46997070312 3290.3701171875 3297.67993164062 3303.82006835938 3306.25 3301.51000976562 3289.58984375 3285.55981445312 3273.4599609375 3270.2099609375 3262.71020507812 3256.01025390625 3221.52026367188 3190.5302734375 3217.65014648438 3195.32006835938 3199.88256835938 3213.08251953125 3226.91259765625 3231.232421875 3245.11254882812 3258.09252929688 3268.40258789062 3274.76293945312 3298.39282226562 3295.31298828125 3300.77294921875 3311.22290039062 3332.05297851562 3330.09741210938 3331.4072265625 2601.197265625 1236.26733398438 988.847290039062 711.96728515625 441.877288818359 215.344985961914 181.60498046875 165.394989013672 165.584991455078 151.224990844727 143.494995117188 135.395004272461 124.54500579834 100.905006408691 90.3450012207031 77.6450042724609 73.0550003051758 65.3399963378906
3300.43994140625 3306.17993164062 3321.47998046875 3332.26000976562 3334.19995117188 3326.71997070312 3315.06982421875 3310.75 3287.88989257812 3281.19995117188 3274.96020507812 3265.1201171875 3233.31005859375 3214.0302734375 3228.39013671875 3204.02026367188 3209.51245117188 3221.12255859375 3230.79248046875 3240.36254882812 3256.8525390625 3263.66259765625 3268.24243164062 3276.18286132812 3280.90283203125 3300.79296875 3313.16284179688 3307.53295898438 3329.0830078125 3338.50732421875 3346.0673828125 2886.43725585938 1390.57727050781 1248.72729492188 928.537292480469 545.75732421875 232.10498046875 181.974990844727 162.164993286133 166.654983520508 151.084991455078 142.874984741211 133.385009765625 123.995002746582 100.065002441406 89.2850036621094 77.3650054931641 72.1550064086914 66.1899948120117
3327.28002929688 3327.76000976562 3338.88012695312 3351 3356.98999023438 3349.669921875 3346.25 3330.21997070312 3303.42993164062 3295.53002929688 3284.09008789062 3272.01025390625 3237.29028320312 3228.19018554688 3229.10009765625 3218.40014648438 3217.15258789062 3224.16259765625 3233.54248046875 3244.482421875 3259.17260742188 3262.8125 3269.30249023438 3277.18286132812 3284.51293945312 3290.2529296875 3308.34301757812 3326.16284179688 3327.40283203125 3342.47729492188 3351.17724609375 3349.12719726562 1769.26733398438 1533.39733886719 1104.43725585938 676.407287597656 257.994995117188 187.964981079102 165.084991455078 162.704986572266 149.254989624023 143.734985351562 133.764999389648 123.415000915527 99.3550033569336 85.9050064086914 76.9250030517578 73.0450057983398 66.4099960327148
3374.53759765625 3372.77758789062 3375.75756835938 3374.99755859375 3376.6650390625 3364.52490234375 3344.294921875 3324.15502929688 3304.92504882812 3294.4951171875 3285.6376953125 3278.017578125 3268.64770507812 3250.91772460938 3235.57763671875 3232.35766601562 3244.85229492188 3232.90234375 3237.9423828125 3246.97241210938 3262.22241210938 3272.732421875 3284.3623046875 3293.107421875 3291.94750976562 3301.44750976562 3309.77758789062 3323.53759765625 3329.65747070312 3347.802734375 3352.82275390625 3351.6328125 2475.62280273438 1886.31274414062 1400.83276367188 1009.302734375 341.217742919922 202.967758178711 158.547760009766 159.297760009766 146.69775390625 142.097747802734 132.515014648438 123.055015563965 100.645011901855 88.005012512207 76.1550140380859 74.2450180053711 68.8525009155273
3384.56762695312 3382.52758789062 3382.4775390625 3379.82763671875 3372.22509765625 3350.02490234375 3326.77490234375 3304.92504882812 3293.40502929688 3280.625 3265.54760742188 3255.94775390625 3260.3876953125 3256.8076171875 3254.24755859375 3255.4677734375 3261.28247070312 3239.66235351562 3239.60229492188 3246.53247070312 3261.16235351562 3271.15234375 3276.03247070312 3290.3076171875 3297.0576171875 3294.107421875 3316.4775390625 3327.41748046875 3327.86743164062 3340.36279296875 3356.87280273438 3368.78271484375 3089.75268554688 2422.10278320312 1761.20275878906 1220.87268066406 395.147766113281 267.647766113281 174.647750854492 157.247756958008 144.017761230469 137.517761230469 130.245010375977 122.47501373291 100.875015258789 87.5850143432617 77.1550140380859 74.0850143432617 68.9925003051758
3388.53759765625 3383.36767578125 3382.74755859375 3378.31762695312 3364.26489257812 3339.76489257812 3327.544921875 3310.94506835938 3293.84497070312 3288.2451171875 3286.23754882812 3289.2177734375 3265.86767578125 3258.8876953125 3251.927734375 3276.59765625 3275.58251953125 3264.76245117188 3265.07250976562 3267.8125 3268.80249023438 3274.0625 3278.37231445312 3291.99755859375 3312.45751953125 3315.86743164062 3330.33740234375 3327.95751953125 3334.66748046875 3342.2626953125 3353.37280273438 3356.47265625 3347.77270507812 3007.41259765625 2144.70263671875 1446.12268066406 454.867767333984 325.457763671875 206.147750854492 156.167755126953 142.677749633789 134.907760620117 127.915016174316 121.555015563965 101.105010986328 86.8050155639648 75.7050170898438 72.4450149536133 68.1324996948242
3387.73754882812 3383.4375 3382.49755859375 3376.1474609375 3361.64501953125 3342.125 3332.59497070312 3325.57495117188 3312.705078125 3310.76489257812 3307.03759765625 3292.94775390625 3276.19775390625 3282.23754882812 3267.02758789062 3279.517578125 3280.08251953125 3277.85229492188 3276.00244140625 3286.00244140625 3295.70239257812 3293.97241210938 3296.38232421875 3306.77758789062 3315.75756835938 3330.15747070312 3331.38745117188 3332.11743164062 3342.52758789062 3348.57275390625 3358.33276367188 3365.35278320312 3359.70263671875 2711.65283203125 1895.33276367188 1465.18273925781 556.44775390625 369.067749023438 239.597747802734 159.267761230469 141.927749633789 134.337753295898 125.985015869141 121.565017700195 101.395011901855 86.1050109863281 73.7850112915039 74.275016784668 69.3424987792969
3389.71752929688 3381.04760742188 3382.1474609375 3372.63745117188 3365.34497070312 3355.294921875 3348.1650390625 3334.80493164062 3317.69506835938 3313.77490234375 3303.09765625 3296.61767578125 3291.677734375 3291.89770507812 3288.6376953125 3286.08764648438 3284.982421875 3283.05249023438 3283.15234375 3286.97241210938 3292.482421875 3298.232421875 3306.8125 3321.92749023438 3333.78759765625 3333.59741210938 3332.94750976562 3334.83740234375 3355.32739257812 3351.61279296875 3371.2626953125 3377.49267578125 3371.49267578125 2639.64282226562 2411.302734375 2038.00268554688 1131.99780273438 532.297729492188 369.227752685547 249.157760620117 144.057754516602 133.407760620117 125.665016174316 118.895011901855 98.3550109863281 83.3950119018555 74.6350173950195 73.5350112915039 66.9925003051758
3392.60766601562 3387.33764648438 3386.25756835938 3380.92749023438 3368.42504882812 3366.0849609375 3348.544921875 3324.17504882812 3312.6650390625 3305.93505859375 3297.87768554688 3292.93774414062 3293.5576171875 3292.14770507812 3288.8076171875 3297.11767578125 3287.37231445312 3287.04248046875 3287.1123046875 3288.8125 3291.38232421875 3294.64233398438 3297.482421875 3319.19750976562 3330.99755859375 3342.83740234375 3348.38745117188 3350.03759765625 3359.3173828125 3360.25268554688 3370.89282226562 3375.44262695312 3384.06274414062 3305.82275390625 3202.8828125 2624.87280273438 1413.14770507812 818.077758789062 419.037750244141 323.167755126953 138.687759399414 130.737747192383 126.845016479492 118.065017700195 94.275016784668 82.3650131225586 72.8750152587891 73.1550140380859 67.3624954223633
